9.524972657888398
10.477462452654999
8.663678973742433
9.741125294618673
9.989405472432383
9.28917970678501
10.768622316732449
10.064725199809759
9.884274637494984
9.686436098632706
10.558103304768167
10.78415622412125
10.24142784631439
9.974450864730452
9.625590924534931
9.280192585257605
10.165484896535574
10.440065016271683
10.218978649181924
10.67935814557836
10.628642268711841
9.441591758631374
10.398386199664497
10.018972413094385
9.765166548964206
9.807140190374447
9.96373254113587
10.448974702783499
9.832356880143006
9.367026946223017
10.47836785361368
10.510745989008255
10.120758838374977
9.605731357414227
10.386736160526945
10.851492845339902
9.049652089314652
10.263269056839626
8.908860246318085
9.438787503139883
10.03808896561474
10.672250822636537
9.616296736932918
9.928391558893086
9.29882096392166
9.307345077510641
10.160132647591567
10.357972534061176
10.028399299712223
9.371829538394845
10.50249749883196
9.326362114346184
10.338785816868144
9.976266543540826
9.546661669430536
9.990039241270148
9.332557892685662
9.803688460020295
10.414706542424506
10.309544397100352
9.273662748259067
9.486866668430917
10.047027456469207
9.8924442993958
10.041446980458264
9.81787981262588
10.251770629263296
9.983439704640993
9.435319928066288
10.285126950875954
9.615597266513207
10.257142117606598
10.2152084729831
10.32091715646729
10.309982058900518
10.487069573335901
9.988215846316344
10.324399148444542
10.643378866799358
10.277338930914068
9.999737707774372
9.854064610292472
10.072902334239263
10.438337660584068
10.810469235527098
9.453251410066684
10.241349003407349
9.673478922270013
10.116908195910305
9.862620787686414
9.484327362592929
9.021253602268388
9.609758440190454
10.398541094327923
10.421626937366334
10.103851528971614
10.261432470235022
8.958344265703618
10.049419933183236
10.54864089176279
9.407202587161738
9.321970252207215
10.0493531437626
10.445026778890478
10.293724941517315
9.321776988412507
10.197002001809114
10.14122784182373
9.737949456911753
9.511208769090455
9.778679378092562
9.497025439729692
9.304377530798453
10.819027709177432
9.96727450976161
9.857315775833142
9.178213797747524
10.1156267726098
9.5277409531157
10.096488637743125
10.510112848026532
10.274481639384561
10.063994107939305
9.967611936585392
9.94531129547572
9.745028610593145
11.224468051060741
10.006670817311134
10.233958708286611
9.882068980895674
10.08805999698517
10.541389552170166
10.260830292681543
9.706119021469057
10.097289743282033
10.642960198548737
9.79053035364396
9.728846049466187
9.780244241009974
10.57639948893629
11.037615427636416
10.292563182704914
9.63187322181537
10.100885215835866
10.212607108167362
10.20617410860895
9.36265992753718
10.248357254716204
10.323960581060605
10.069521730819117
9.523169508282688
10.45270344928509
10.522568178487413
10.641864890694343
11.116511472236954
9.444758283038178
9.292776740970664
9.579984974154467
9.023745145152285
10.289895698544566
9.492330433099418
10.171373905598744
11.76301996425421
10.572626735315948
9.126519225392414
9.948748997114372
10.911090984093788
10.073725308660384
10.268198689048111
10.246879158434758
10.19396521834569
9.261753372466522
10.65630153661467
9.374005280518503
9.688082416734716
10.248337896945458
9.916244983353591
10.35055630139816
9.51282467204118
10.397760610154329
10.224343500747771
9.961476128151093
10.610604075401605
9.86182501734718
9.792373611981915
9.595227377436693
11.04399575067945
9.653773697053971
10.109508656371144
9.795677737352769
9.976860743725597
10.14407587989544
9.93859663331057
10.137600934463663
10.345178364734146
9.787286031301184
9.414740231368082
9.008752918118375
10.37687214433015
10.371891029288136
9.680580115005313
6.348620664499936
8.956805519352407
7.079734563706229
7.168181851564096
7.4338488465151
7.755465500373844
9.326874092888005
7.262719382457629
9.696378534294482
7.745326115818995
8.118349410025052
8.28194099447927
7.40270281210027
7.733338400974709
7.530747228328651
7.305386831960645
9.245920573762586
7.590020325387199
7.310940079341274
6.855496559653131
7.8873296961995845
8.530156395308103
8.722408796624379
9.296951773153989
8.892671014839294
8.959945336488413
6.608666843362026
6.712276947184708
8.08622695126337
7.435808656939175
8.637283393330533
8.904612510322597
8.168267257159526
7.72343124361138
8.986486087757376
9.136780022038543
8.30893343536786
7.711299263103881
6.949194261652105
8.180302788926149
8.154038262713698
9.183601486840349
9.950090596093446
7.620279957159765
9.862727151751589
8.86381760315183
8.384076948774517
6.104077434249522
6.052524663022462
